{'band_energy': 1.0, 'interaction_strength': 0.1, 'translation_invariant_ansatz': True, 'anzts_reps': 1, 'flux_attch': False, 'maxiter': 100.0, 'NNN': False}
initial_energy = -3.9331565052757487
finial_energy = -3.9326893221994186
optimization solution =  message: Optimization terminated successfully.
 success: True
  status: 1
     fun: -3.9326893221994186
       x: [-1.881e-03 -4.507e-03 -6.450e-03 -9.665e-04 -2.902e-03
            1.357e-03  4.586e-03 -1.525e-03]
    nfev: 37
   maxcv: 0.0