{'band_energy': 1.0, 'interaction_strength': -1000.0, 'translation_invariant_ansatz': True, 'anzts_reps': 1, 'flux_attch': False, 'maxiter': 100.0, 'NNN': False}
initial_energy = -662.0689627704471
finial_energy = -868.1960896552199
optimization solution =  message: Optimization terminated successfully.
 success: True
  status: 1
     fun: -868.1960896552199
       x: [-2.979e-01 -3.999e-01  7.579e-01  7.835e-01  1.101e-01
           -3.478e-01 -5.858e-02 -6.704e-02]
    nfev: 90
   maxcv: 0.0