{'band_energy': 1.0, 'interaction_strength': 0.1, 'translation_invariant_ansatz': True, 'anzts_reps': 1, 'flux_attch': True, 'maxiter': 1000.0, 'NNN': False}
initial_energy = -0.5781300558336359
finial_energy = -1.1382302381135834
optimization solution =  message: Optimization terminated successfully.
 success: True
  status: 1
     fun: -1.1382302381135836
       x: [ 9.871e-01 -6.905e-04  4.399e-01  6.471e-01  3.516e-01
           -5.711e-01  1.708e-01 -5.853e-01]
    nfev: 710
   maxcv: 0.0